0.0
0.01165714285714283
0.026644897959183664
0.04200892875831643
0.05670824174464984
0.07310050424054042
0.08667232826358115
0.09781047777830218
0.10634327320665836
0.11923034255514037
0.12734264394853678
0.1314557788490898
0.1343410967284802
0.13882038723228957
0.1431991198287867
0.14566429950618812
0.15057365754309643
0.15575268973756162
0.1572243592013089
0.16071408940176882
0.16771754732866437
0.16655248059649633
0.16518487715043328
0.1683256464128006
0.17048507321679057
0.17123305727520105
0.17866644245582033
0.18058015659845295
0.1832427157341584
0.1847810254144361
0.18348115678629023
0.18672735971043175
0.20112096020179387
0.19585497114941575
0.19783050724787332
0.19916343732276917
0.19846133291338716
0.20394661862030725
0.20508402968607112
0.20961708073988683
0.20298240282204766
0.20426823656058743
0.20427504107091465
0.20860818446401536
0.21009507424517102
0.21044606273347602
0.20825365737725127
0.210423742556393
0.20950062154040291
0.21348081380292327
0.2183323554113833
0.22574552605190393
0.22527076667775742
0.22739853321139603
0.23358731213178385
0.22362753736101462
0.2288659487286707
0.22902917716248117
0.22777376450284995
0.23070339036148194
0.23570724511494745
0.23435767870869456
0.2267848785607561
0.21908612978200004
0.2267490627448552
0.2282335864445566
0.2194842826443282
0.22652363006487872
0.22003882085341941
0.22650885317065986
0.23185919347778944
0.22937819574004337
0.22743281971205492
0.22958032857568375
0.22726235232381428
0.23059718167538296
0.23431201288691852
0.23254891650894233
0.23345188383389467
0.23009461720450883
0.23230895280673255
0.23702091330581634
0.2405946496756334
0.24486979181469756
0.23668379981414134
0.24159991455310514
0.23645910708139387
0.23252698825859797
0.2311558084002762
0.23631811762976496
0.24050160766964995
0.23993866450572077
0.23748851157821302
0.239116193807386
0.23795674438864048
0.23067273900852703
0.23526711024386399
0.23508870807383175
0.24205079485238676
0.241407181576778
0.24069434075411303
0.24596343681269414
0.23678926390743718
0.23519291772045353
0.22728218417011964
0.22783406150116475
0.22045758503956914
0.22156992019666497
0.22665992730103993
0.22540874905950808
0.22996286643429864
0.22973749824967563
0.2336809795819163
0.2395417878545288
0.23777196889943886
0.2315882828825111
0.23577020089037554
0.23302064622309082
0.22907993974859822
0.22689620532217714
0.23143611217967386
0.23676729917171802
0.23569462507011793
0.23369701675418086
0.23031803877941526
0.23347831476869432
0.2340130532715229
0.2333398138624567
0.23327435354259599
0.23435539110373035
0.23647511345990158
0.23846927104960464
0.23169887282558782
0.2280874792138372
0.2340235924592034
0.23288677292771276
0.23431505696459898
0.2382758618770095
0.24620636410983307
0.24271290546154767
0.24374559873396404
0.25018279809721355
0.23978881594070886
0.2436177672917869
0.2559944656580012
0.2577827666672418
0.25182671748105273
0.2490578092207761
0.25705386213753695
0.25598894977775716
0.2563874303636851
0.25244123607868335
0.2572011544265466
0.25576955655275146
0.24862849632228706
0.24985593476293314
0.25215874402687566
0.2546547694551103
0.2540967144142333
0.25776085206305976
0.25164880965444625
0.25201785195530807
0.24858712307382033
0.24521838668788976
0.23768180483033585
0.24748290741613796
0.24533458628567398
0.2373078242942822
0.2392036073087401
0.23813599777098754
0.23438190328800745
0.23606497808655227
0.24051322844909948
0.24693984628211174
0.24235210979930483
0.2450333942113331
0.23976285271582193
0.24393732486740702
0.2407606038046922
0.23428559185446443
0.23157936983986507
0.2329169397649553
0.22484971154205452
0.2339257651929271
0.2353757796495652
0.23268929474219693
0.2354637298900375
0.2400923964840387
0.23938883136308337
0.2358751632144474
0.22808736380820335
0.23392725571240006
0.23953950462684523
0.24281791359413002
0.23694704570017802
0.2421439705801254
0.24270861579007716
0.23878824567581483
0.2428345549308606
0.24585764422266382
0.24357332066818688
0.2467370212005206
0.24523736893215012
0.2450134928985196
0.23861831472841305
0.24671116542407032
0.24737851771501965
0.24610005206035826
0.24689270279863584
0.24897110786057836
0.24519825327333292
0.23928888735948417
0.2449448817436496
0.24293439381472404
0.24194019211264764
0.24332228388257682
0.24459510313004604
0.24529575090289635
0.24475550965294263
0.247786279154188
0.24114766612420174
0.2415508163139906
0.2359071930068192
0.2341733015180311
0.24413802077850394
0.24731638440816062
0.24739410285761634
0.24892066306227073
0.24715420474850436
0.24301316697326716
0.2431084993552977
0.24805907236414348
0.25445580580254207
0.2445098368837642
0.24656554947660445
0.24803532262514524
0.24217636179506843
0.24336966675497637
0.24444057481782303
0.241230652175256
0.24141372582445564
0.23718090729143657
0.23726027722897994
0.24691427368897487
0.2463237298228933
0.24218080600192113
0.24316975474359526
0.24239943443811005
0.2377033846918012
0.23505866767142866
0.23690817769158448
0.24012393090126485
0.24348683493520415
0.24115203333092045
0.23622791090203626
0.24708410662858574
0.23978023940117593
0.2526254353932127
0.25004679353638454
0.256593861044628
0.25215292881105955
0.24660250120588276
0.24845217895465915
0.24478092803869142
0.24757815246134893
0.2460993580932658
0.24898788440594766
0.24570355393653787
0.2419966893914799
0.24423542154273106
0.24897690886878684
0.24041838453213016
0.24461196613744418
0.24763156951420212
0.24816782105827348
0.24820193309967115
0.24263754523358005
0.23968901057059755
0.23892873699654227
0.24250024140266713
0.2386593675020816
0.24156306457559176
0.2422618711754175
0.24487025336706703
0.2607700787882223
0.25450275800660593
0.2577522729081552
0.23935911090034784
0.24398672020020823
0.25137430591075927
0.24276587899111987
0.2469005525029519
0.23685784488251663
0.2441550032440534
0.23721988644615052
0.2314551622484963
0.24290551661684642
0.24466912550690925
0.2354293220526099
0.24402070081915353
0.24410108701440558
0.24999506160657398
0.2447400838422511
0.23948512652354326
0.24043999075372038
0.2337349621391858
0.23868774753620714
0.24025524897828884
0.24759861996190832
0.24758911581298118
0.2395155918563706
0.2485245755881151
0.24519968323022093
0.2441228590376592
0.24919968704146755
0.25305900749868815
0.24431027610675926
0.24740130807262556
0.2413721472098389
0.23794912487286024
0.23761958491515256
0.2412741082763433
0.23673091705846191
0.23687985647154197
0.24190610401955862
0.24479244033286912
0.24124548653252217
0.2402984142153409
0.23962918665684635
0.24412454174868836
0.25284186285818117
0.25092563605855944
0.2438500195265674
0.24398640449030395
0.2452810904001729
0.23698767222974357
0.22977980787321903
0.23131386449747796
0.23491360370525038
0.23505617890684774
0.23140186278266842
0.22856510097582333
0.22454902385433403
0.23097117101640477
0.22999115879292295
0.23373017327750895
0.23295543057905235
0.2300577056420056
0.2409685509074768
0.23625524598331438
