18.81714285714286
18.81714285714286
18.81714285714286
18.81758367346939
18.823524897959192
18.82550768109442
18.831412222418738
18.838206039981348
18.840547854803447
18.8416222402292
18.846654689072167
18.856487514909865
18.851047908247445
18.858801967606215
18.852057288388803
18.85000687025177
18.839241381751364
18.83977374387881
18.83834639204412
18.826437357699877
18.83050552277367
18.83646035657784
18.83713605486681
18.85015079679216
18.837610610102644
18.85993955511598
18.863282973488662
18.872236987031993
18.891085510875097
18.910239215910803
18.923499093236007
18.942809592477175
18.949132561878
18.96571761821527
18.9773940807192
18.982879206252175
18.992748968194274
18.994759833929024
19.00684863019769
19.017995834859367
19.014051394733503
19.03735683014399
19.01842810343141
19.020475097632012
19.02087260724246
19.023474370896864
19.035439678046366
19.037882869810854
19.050680271472938
19.055412488039654
19.09000359481854
19.101520737156463
19.139990711969933
19.15074424095459
19.166186127741057
19.179199570022114
19.18390609082008
19.194573686093367
19.203742895720026
19.195294086683134
19.200607272898136
19.20488259134802
19.21948992457058
19.220614047031898
19.200861276067315
19.2119550753339
19.20862387880631
19.196405576753264
19.189089708723596
19.207957522160587
19.19546280529002
19.198810808316217
19.206273819112464
19.213059019577695
19.21854361324037
19.220203006841153
19.237279070776744
19.242530441220214
19.25164133122315
19.26436843260807
19.27349918392956
19.274186080716508
19.291697125601118
19.293000949323485
19.315620451843575
19.309194048374138
19.313046441419075
19.336395032926426
19.334578771260563
19.33542352767795
19.338835231906028
19.349880262504325
19.337047960539167
19.34805576466268
19.336627941208665
19.337507303410902
19.330583782658685
19.335461348777173
19.34524966205211
19.344940558653395
19.366991399890082
19.382073293223886
19.388420120305817
19.394132133118337
19.39828745955342
19.385469265564023
19.370421161201822
19.350383338240114
19.364077615030507
19.36414544736172
19.365952521057707
19.356952703744476
19.351789339839865
19.352630599585954
19.35761482027686
19.367930144606994
19.362289678150884
19.365695137573876
19.36161851594322
19.358820187432027
19.333796852357498
19.325360935822843
19.328296129461027
19.329252784809512
19.33230745244202
19.32249018002379
19.331573168174106
19.331821383333573
19.346929788173288
19.335875752809077
19.338861903868604
19.355921260448316
19.367943449869628
19.369806448280514
19.377293362080128
19.383376323385182
19.36824406627762
19.379363979025673
19.387726876371662
19.40509478750458
19.39899856007713
19.413212536556415
19.415027976218287
19.408668191139387
19.400944280970894
19.41093583889448
19.416933562286204
19.42897280405237
19.440050856286696
19.45453546260375
19.47052146268203
19.481607563354764
19.492611551896506
19.518144313298123
19.51924719670419
19.505289864730983
19.508388530325362
19.515238954275038
19.527747089024583
19.524409906065028
19.52820893803007
19.52251321423725
19.54021917757505
19.530547845501907
19.52840873111086
19.530349555150657
19.52297810352964
19.522044009367026
19.499592609171565
19.493412231493785
19.491498434032618
19.46135672705207
19.459864501296558
19.457003939613962
19.450799603273605
19.468680260899845
19.472059538154745
19.47064603149195
19.476017109178244
19.462318935784126
19.442207304919915
19.431866889505724
19.420279489015236
19.405235920530124
19.38480229388935
19.40216180259962
19.399135266990953
19.41321334619574
19.410753797123135
19.423045720179836
19.415521490745526
19.408107931226294
19.42895049786575
19.438288111754936
19.435334691654962
19.443239351854146
19.443683205594642
19.44124354234352
19.43227847261178
19.446874889089536
19.45997528961939
19.46529739449893
19.46554181814158
19.460284845738478
19.462596860155013
19.457728520150308
19.463478818609357
19.481770536910666
19.50323917257369
19.492696736441577
19.50262488964423
19.488122913862142
19.486159816156157
19.4813727011732
19.486617334147486
19.47444090912664
19.46533369453202
19.48589744189768
19.48199425115839
19.489608661615165
19.494735449354636
19.48685149524629
19.499304981107812
19.4831847949895
19.482838940407937
19.476153320809587
19.4955367320972
19.480799787632694
19.48351646654176
19.49390315421769
19.495452325009477
19.482473897523985
19.477051013337636
19.479200741949384
19.47501840220706
19.47982672401388
19.48088436992755
19.47997073770515
19.484562666894945
19.489302983592534
19.487607607273947
19.49083377091831
19.48213033585409
19.479454340506685
19.485083381073498
19.486698192310982
19.470827030459823
19.47184485447847
19.46766820047936
19.476487197912924
19.467915562374426
19.47131360346706
19.480332154317576
19.48848116224175
19.491146302750014
19.50025149837346
19.516996491881034
19.509585017489588
19.506560936506276
19.507337928397998
19.518608230529814
19.5144570077778
19.51999432297797
19.51840245602646
19.511463165756766
19.5183621073952
19.525108275923635
19.54123110675583
19.544245447107023
19.528420570214063
19.536299370423997
19.53788696280347
19.546091014845313
19.54114080046317
19.55043345772
19.55300996715689
19.55515254641366
19.54825836350737
19.53661350672861
19.51648180900778
19.520546338422143
19.50412253789074
19.503202377968222
19.5098991639941
19.517910046111137
19.529017562184674
19.542192240766006
19.54484117045752
19.5450127930353
19.543687124621336
19.547751597358303
19.558995316779356
19.54889281250325
19.53930852651062
19.534642182227977
19.52908649441659
19.506806817693363
19.51388898903132
19.5111896891394
19.518639816892165
19.513835935757236
19.52873593691261
19.515958532482138
19.530569284648028
19.521898356292198
19.510537169036567
19.503416678953887
19.501577348716644
19.503406234883705
19.50839161213225
19.505777123923906
19.497472927131806
19.498367648241413
19.4893844992924
19.50029851317826
19.50088914496267
19.52071464681067
19.528796026410465
19.519180195224536
19.51468122006053
19.51067113500819
19.507290850178034
19.47599635323414
19.479948046948245
19.466956422083165
19.47512839083597
19.465117529651703
19.48135048954371
19.473794560668328
19.476211697010392
19.49862781632591
19.484434901337917
19.490852820378606
19.475737694216487
19.48061964793783
19.46812590154463
19.467121397905274
19.44149966098136
19.446700126867363
19.429304693452405
19.447838212532226
19.424543519228077
19.42452940822627
19.407097522448506
19.414067672917184
19.41796333872277
19.417674758690804
19.418415623993138
19.408961869201136
19.42547568200081
